
Handles NPM(K)  PM(K)  WS(K)   CPU(s)    Id SI ProcessName                     
------- ------  -----  -----   ------    -- -- -----------                     
    376     35  29832   3928           4368  0 ABService                       
     98      5   1016   1512            300  0 AggregatorHost                  
    325     20  14572   2452     0.97  2888  1 ApplicationFrameHost            
    203     16   7396  12164   112.33 10680  0 audiodg                         
    174     11   1956   2820     4.83  9432  1 CAudioFilterAgent64             
   1077     43  40172  21896   151.63 11132  1 CCleaner64                      
    506     15   7704   3032           9668  0 CCleanerPerformanceOptimizerS...
     88      5   2344     16     0.05 11084  1 cmd                             
    108      7   6232    992           5704  0 conhost                         
    108      7   6320    884     0.05  6140  1 conhost                         
    617     22   2052   1524            584  0 csrss                           
    649     20   2708   2264            688  1 csrss                           
    541     17   5468   8108   241.50  5520  1 ctfmon                          
    140      8   1544    760           4376  0 CxAudMsg64                      
   1818     44  62152  40112           1088  1 dwm                             
   3151     96 193248  70648 1,231.44  1296  1 explorer                        
    129      8   2280   1024           4476  0 FBService                       
    213     15   5580   4852     8.45 12136  1 FileCoAuth                      
    273     91 366632  97252   131.20   216  1 firefox                         
    828    107 782600 160812 2,398.81  1444  1 firefox                         
    274     21  42856  60824     1.33  2632  1 firefox                         
    242     16  26936  27280     0.11  3904  1 firefox                         
    242     16  26916  27204     0.11  5860  1 firefox                         
    289     40 116336 148344    33.25  6380  1 firefox                         
    291     40 113672  23160    27.94  7576  1 firefox                         
    278     21  41008  19160     0.47  7948  1 firefox                         
   1988    141 221456 195684   892.17  8260  1 firefox                         
    178     12  38244   8564     0.39  9112  1 firefox                         
    290     18  44344  17348     0.27  9492  1 firefox                         
    346     53 232988 190836   417.56  9896  1 firefox                         
    242     16  26932  23444     0.11 10716  1 firefox                         
    202     16  21044   7536     0.55 11788  1 firefox                         
    281     24  47064  50600     3.91 12332  1 firefox                         
    269     18  26764  12468     0.14 12360  1 firefox                         
    267     16  22760  14048   236.20 12968  1 firefox                         
     36      6   1716    688            992  0 fontdrvhost                     
     36     12   8372   4984            996  1 fontdrvhost                     
      0      0     60      8              0  0 Idle                            
    204     11   2440   2604           2748  0 igfxCUIService                  
    227     14   3900   3776     5.69  5824  1 igfxEM                          
    163     11   2580   1588     0.41  5956  1 igfxHK                          
    199     12   3256   1468     6.05  5968  1 igfxTray                        
   1583     30  10296  11812            840  0 lsass                           
    326     19  75800    288     3.22  5784  1 LSB                             
   1513     49  72648  46212           4580  0 MBAMService                     
    753     41  42624  20272   187.67  8644  1 mbamtray                        
      0      0   1348 152928           2568  0 Memory Compression              
   2090     21  28692  18124           9960  0 MoUsoCoreWorker                 
    781     95 285276 135928           4792  0 MsMpEng                         
    219     11   7172   4936           8924  0 NisSrv                          
    256     13   2452   1036           4600  0 OKOControlSvc                   
    141      9   1580    140           4492  0 OKOUpdataService                
   1305     80 135044  61012   242.22  2100  1 OneDrive                        
   1770    123 100728  10060    56.72  9060  1 OneKeyOptimizer                 
    288     16   3164   1568     0.47 10120  1 OneKeyOptimizerTray             
    380     16   3724   9236     2.05  9368  1 OnekeyOptimizerUpdata           
    873     56 118300 139380    42.39  5668  1 powershell_ise                  
      0      9   5504  51368            100  0 Registry                        
  17617      8   2060   2564           4624  0 RtkBtManServ                    
    580     28   9640  13144    73.13  5320  1 RuntimeBroker                   
    756     30  18520  10972    19.63  7592  1 RuntimeBroker                   
    648     33  19004  18616    84.97  7996  1 RuntimeBroker                   
    393     18   7056  12200    50.14  8524  1 RuntimeBroker                   
    142      8   1560    296           4208  0 SASCore64                       
    146     10   1308    172           4644  0 SASrv                           
   1274    121 173660   4632   142.06  7868  1 SearchApp                       
    805     78  42608  23912           6056  0 SearchIndexer                   
    283     13   3920   3612          10612  0 SecurityHealthService           
    703     12   7020   6644            832  0 services                        
    105      7   4892   4868           3848  0 SgrmBroker                      
   1016     41  42664  12972    45.08  9872  1 ShellExperienceHost             
    557     18   6836  10812    36.06  4080  1 sihost                          
    433     54  54880  51316   208.97 11416  1 SmartDefrag                     
     53      3   1068    148            428  0 smss                            
    430     24   5744   3356           4024  0 spoolsv                         
    798     36  28968  28480    75.73  7448  1 StartMenuExperienceHost         
    744     38  29260  10744   211.97 10688  1 SUPERANTISPYWARE                
   1385     21  14088  11288            672  0 svchost                         
    291     10   2532   3016            864  0 svchost                         
   1382     24  15428  17716            968  0 svchost                         
    257     13   2648   3332           1268  0 svchost                         
    113      8   1296    984           1284  0 svchost                         
    575      9   2348   4000           1312  0 svchost                         
    174      7   1604   1676           1368  0 svchost                         
    415     13  14500   8160           1384  0 svchost                         
    348     11   2716   1588           1392  0 svchost                         
    413     18   8028   9968           1400  0 svchost                         
    177     13   1768   1524           1508  0 svchost                         
    214     20   2412   3432           1516  0 svchost                         
    283     20   3020   5432           1528  0 svchost                         
    243     13   3340   2896           1608  0 svchost                         
    230     10   2416   2764           1632  0 svchost                         
    155     25   6008   2688           1700  0 svchost                         
    716     77  54344  15404           1804  0 svchost                         
    262     10   3068   3996           2060  0 svchost                         
    310     15   4612   4944           2068  0 svchost                         
    175     10   9056   9072           2156  0 svchost                         
    469     19  12536   7640    38.48  2168  1 svchost                         
    129      8   1420   1096           2184  0 svchost                         
    211     13   2916   5292           2248  0 svchost                         
    249     14   2976   2152     0.66  2288  1 svchost                         
    185      9   2036   3324           2368  0 svchost                         
    220     12   3096   5384           2396  0 svchost                         
    202      8   1376   1172           2432  0 svchost                         
    401     16   5136   5344           2500  0 svchost                         
    422     32  10492   6760           2580  0 svchost                         
    224     14   2328   4004           2620  0 svchost                         
    499     16  13280  10688           2676  0 svchost                         
    200     10   2036   1912           2684  0 svchost                         
    165      9   1900   1328     0.28  2756  1 svchost                         
    202     10   2212   3760           2804  0 svchost                         
    512     13   3704   5932           2816  0 svchost                         
    415     15   4100   7164           2988  0 svchost                         
    190     10   3112   2948           3104  0 svchost                         
    397     19   3472   4768           3216  0 svchost                         
    156     15   1792   2372           3228  0 svchost                         
    140      9   1628   1740           3268  0 svchost                         
    209     12   2568   3444           3380  0 svchost                         
    240     11   2580   2336           3388  0 svchost                         
    202     11   2648   5008           3476  0 svchost                         
    371     20   2976   4704           3652  0 svchost                         
    530     24   7560   8916           3840  0 svchost                         
    187     11   2352   2680           3924  0 svchost                         
    186     11   2100   2540           4116  0 svchost                         
    307     17   5032   2868           4172  0 svchost                         
    772     18   7496  13240    12.63  4192  1 svchost                         
    162     11   4028   1740           4360  0 svchost                         
    322     29   7716  10124           4408  0 svchost                         
    608     29  27540  23060           4420  0 svchost                         
    385     22  37048  19700           4464  0 svchost                         
    211     11   2912   2740           4528  0 svchost                         
    229     14   4280   1992           4548  0 svchost                         
    143      9   1576   1188           4652  0 svchost                         
    506     11   4160   8764           4672  0 svchost                         
    277     14   4060   9520           4716  0 svchost                         
    143      7   1336    320           4784  0 svchost                         
    409     19   5820  12700           4804  0 svchost                         
    116      7   1316   1124           4928  0 svchost                         
    386     24   3544   4708           5260  0 svchost                         
    172      9   1756   1440           5308  0 svchost                         
    162     10   1880   2080           5460  0 svchost                         
    117      8   1864   2260           5708  0 svchost                         
   1177     20   6196   9512           6372  0 svchost                         
    278      8   1760   7632           6400  0 svchost                         
    460     24   5740  12112           6448  0 svchost                         
    418     21   7868  13052    34.94  7060  1 svchost                         
    398     21   8512  13368           7620  0 svchost                         
    319     12   4608   3524           9120  0 svchost                         
    195     15   6244   2380           9604  0 svchost                         
    122      8   1380   5616          11032  0 svchost                         
    272     12   2640   1892          11168  0 svchost                         
    326     13   3912   5280          11228  0 svchost                         
    214     13   3048   2488          11724  0 svchost                         
    251     13   3076  13488          12012  0 svchost                         
   3356      0    196   1288              4  0 System                          
    785     38  28924    236     1.56  4216  1 SystemSettings                  
    420     21   6516   6380    50.52  7076  1 SystemSettingsBroker            
    305     30   6376  10572    12.52  4884  1 taskhostw                       
    163     11   2316   9240     1.20  5012  1 taskhostw                       
    422     23   8140    436     1.00  5048  1 taskhostw                       
    542     22  15564  12068    38.25  8704  1 TextInputHost                   
    141     10   2320   1600     0.95  5000  1 UserOOBEBroker                  
    164     11   1440    120            680  0 wininit                         
    273     12   2904   2260            776  1 winlogon                        
    193     10   2544   2452           5672  0 wlanext                         
    190     13   3188  10540           4948  0 WmiPrvSE                        



